Random Forest Model Metrics
===========================
Accuracy: 0.8977973090277778
Precision: [0.06187066 0.07625112 0.09808629 0.12934521 0.17136437 0.22462331
 0.28734783 0.35799873 0.4326897  0.50846761 0.58351364 0.64787071
 0.70589379 0.75530054 0.79759952 0.83192157 0.860547   0.88377827
 0.90394089 0.92300009 0.93567905 0.94588683 0.95670785 0.96344129
 0.96922765 0.97398725 0.97823585 0.98074878 0.98279221 0.98493181
 0.98693321 0.98875511 0.99018589 0.99085473 0.99226283 0.99357965
 0.99432869 0.99511217 0.99629771 0.99648758 0.99708686 0.99771105
 0.998216   0.99832121 0.99857286 0.9985524  0.99867491 0.99879663
 0.99908173 0.99921753 0.99951985 0.99950876 0.99966706 0.99965957
 0.99965175 0.99964514 0.99981831 0.99981426 0.99980971 1.
 1.         1.         1.         1.         1.         1.
 1.         1.         1.         1.         1.         1.
 1.         1.         1.         1.         1.         1.
 1.         1.         1.         1.         1.         1.
 1.         1.         1.         1.         1.         1.
 1.         1.         1.         1.         1.         1.
 1.         1.         1.         1.         1.         1.        ]
Recall: [1.         0.99964925 0.99956156 0.99842161 0.99640477 0.99351105
 0.98938969 0.98509295 0.98053315 0.97676254 0.96957208 0.96317082
 0.95466503 0.94651    0.93817959 0.93011224 0.92151877 0.91152227
 0.90108734 0.89135391 0.88144511 0.87215012 0.86232901 0.85040337
 0.83961768 0.83067345 0.81980007 0.80857594 0.79629954 0.78525079
 0.77490354 0.76332866 0.75201684 0.74105577 0.73097159 0.71922133
 0.707208   0.69624693 0.68432129 0.67169414 0.66029463 0.64977201
 0.63784637 0.62574535 0.61355665 0.60487548 0.5947913  0.58225184
 0.57243073 0.55989127 0.54761487 0.53525079 0.52656962 0.51499474
 0.50341985 0.49403718 0.48254998 0.47202736 0.46071554 0.44992985
 0.43940723 0.4288846  0.41687127 0.40485794 0.39363381 0.38240968
 0.37179937 0.36171519 0.34926342 0.33663627 0.32585058 0.31471414
 0.30559453 0.29401964 0.28340933 0.27516661 0.26639776 0.255349
 0.24351105 0.2331638  0.22281656 0.212557   0.20273588 0.19142406
 0.18107682 0.17099263 0.1613469  0.15029814 0.14056471 0.13030516
 0.11890565 0.10733076 0.09654507 0.08698702 0.07541214 0.06383725
 0.05331463 0.04366889 0.03191863 0.02236058 0.01324097 0.        ]
F1 Score: 0.8979976915240694
Confusion Matrix:
[10295, 66, 82, 85, 61, 121, 151, 62, 43, 47, 74, 90, 75, 78, 58, 45]
[51, 10598, 50, 73, 90, 80, 125, 53, 34, 58, 69, 64, 70, 62, 53, 32]
[76, 83, 10419, 62, 60, 96, 139, 70, 45, 56, 84, 83, 87, 61, 71, 28]
[91, 83, 84, 10625, 81, 118, 128, 40, 51, 42, 97, 82, 59, 62, 42, 24]
[61, 99, 71, 86, 10216, 102, 169, 81, 90, 70, 116, 79, 74, 88, 60, 45]
[70, 76, 85, 90, 66, 10467, 126, 52, 49, 68, 84, 81, 86, 70, 42, 16]
[83, 114, 79, 88, 131, 115, 10294, 64, 67, 54, 90, 98, 99, 87, 58, 72]
[75, 105, 76, 74, 129, 119, 184, 10363, 39, 64, 98, 81, 74, 67, 48, 37]
[69, 75, 68, 114, 93, 86, 198, 65, 10357, 53, 95, 66, 70, 51, 54, 53]
[54, 109, 63, 99, 103, 116, 141, 58, 39, 10185, 60, 86, 105, 66, 60, 28]
[88, 72, 71, 102, 112, 113, 176, 56, 73, 74, 10152, 106, 61, 57, 58, 38]
[77, 74, 59, 97, 92, 116, 115, 65, 50, 70, 87, 10406, 70, 71, 44, 49]
[77, 122, 81, 74, 87, 141, 147, 72, 60, 66, 92, 64, 10363, 55, 69, 45]
[96, 78, 110, 89, 105, 147, 143, 69, 50, 74, 88, 110, 102, 10035, 82, 34]
[93, 68, 68, 73, 71, 86, 158, 58, 66, 76, 96, 95, 76, 84, 10312, 34]
[49, 89, 58, 75, 84, 60, 144, 46, 56, 47, 79, 78, 50, 46, 48, 10395]
