Accuracy: 0.0619140625
Precision: 0.0038333511352539058
Recall (Sensitivity): 0.0619140625
F1 Score: 0.007219701236895347
Confusion Matrix:
[[    0     0     0     0     0     0     0     0     0     0     0     0
      0     0     0 11593]
 [    0     0     0     0     0     0     0     0     0     0     0     0
      0     0     0 11633]
 [    0     0     0     0     0     0     0     0     0     0     0     0
      0     0     0 11404]
 [    0     0     0     0     0     0     0     0     0     0     0     0
      0     0     0 11567]
 [    0     0     0     0     0     0     0     0     0     0     0     0
      0     0     0 11409]
 [    0     0     0     0     0     0     0     0     0     0     0     0
      0     0     0 11507]
 [    0     0     0     0     0     0     0     0     0     0     0     0
      0     0     0 11520]
 [    0     0     0     0     0     0     0     0     0     0     0     0
      0     0     0 11562]
 [    0     0     0     0     0     0     0     0     0     0     0     0
      0     0     0 11615]
 [    0     0     0     0     0     0     0     0     0     0     0     0
      0     0     0 11372]
 [    0     0     0     0     0     0     0     0     0     0     0     0
      0     0     0 11528]
 [    0     0     0     0     0     0     0     0     0     0     0     0
      0     0     0 11542]
 [    0     0     0     0     0     0     0     0     0     0     0     0
      0     0     0 11433]
 [    0     0     0     0     0     0     0     0     0     0     0     0
      0     0     0 11514]
 [    0     0     0     0     0     0     0     0     0     0     0     0
      0     0     0 11709]
 [    0     0     0     0     0     0     0     0     0     0     0     0
      0     0     0 11412]]
